{
  "advancedEditorSelectedIdentifier" : "ProjectBrowser",
  "openSceneRelativePaths" : [
    "Scene.usda",
    "bear.usda",
    "diary.usda",
    "hotChoco.usda",
    "headphone.usda",
    "naevis.usdc",
    "effect.usda"
  ],
  "recentIdentifiers" : {
    "46F71969-BD76-4545-BBBF-059D906FE462" : [

    ]
  },
  "sceneCameraHistory" : {
    "14E20546-BEF7-469F-B642-DB10AE8CDD7C" : [
      {
        "date" : 760964711.712885,
        "title" : "Untitled",
        "transform" : [
          0.91309613,
          -7.0380253e-09,
          0.40774414,
          0,
          0.17636026,
          0.9016211,
          -0.3949386,
          0,
          -0.36763066,
          0.43252683,
          0.8232668,
          0,
          -0.19153458,
          0.2703647,
          0.575344,
          1
        ]
      },
      {
        "date" : 760964451.809429,
        "title" : "Untitled",
        "transform" : [
          0.9761119,
          -6.6901293e-09,
          -0.21726894,
          0,
          -0.11504565,
          0.8483049,
          -0.5168591,
          0,
          0.18431029,
          0.5295081,
          0.8280404,
          0,
          0.18209258,
          0.3353899,
          0.5432856,
          1
        ]
      },
      {
        "date" : 760964439.033712,
        "title" : "Untitled",
        "transform" : [
          0.9264648,
          -7.441577e-09,
          -0.37638113,
          0,
          -0.16017719,
          0.9049247,
          -0.3942773,
          0,
          0.3405966,
          0.42557177,
          0.838381,
          0,
          0.28321415,
          0.26571032,
          0.53850824,
          1
        ]
      },
      {
        "date" : 760964348.602991,
        "title" : "Untitled",
        "transform" : [
          0.96587545,
          1.7133805e-09,
          -0.2590068,
          0,
          -0.15836227,
          0.79130536,
          -0.59055674,
          0,
          0.20495346,
          0.61142117,
          0.76430243,
          0,
          0.19587359,
          0.39051828,
          0.49993235,
          1
        ]
      },
      {
        "date" : 760964323.761333,
        "title" : "Untitled",
        "transform" : [
          0.9821037,
          -2.2848212e-10,
          -0.18834095,
          0,
          -0.08008859,
          0.9050845,
          -0.41762176,
          0,
          0.17046446,
          0.42523184,
          0.8888868,
          0,
          0.17269543,
          0.26548287,
          0.5835225,
          1
        ]
      },
      {
        "date" : 760964246.875278,
        "title" : "Untitled",
        "transform" : [
          0.9520071,
          1.4820696e-09,
          -0.30607563,
          0,
          -0.1953882,
          0.7697333,
          -0.6077287,
          0,
          0.23559661,
          0.6383656,
          0.73279166,
          0,
          0.058611263,
          0.50917786,
          0.43964094,
          1
        ]
      },
      {
        "date" : 760964223.05072,
        "title" : "Untitled",
        "transform" : [
          0.99801,
          2.3591618e-09,
          0.06305533,
          0,
          0.045995947,
          0.68402994,
          -0.7280024,
          0,
          -0.04313174,
          0.7294539,
          0.68266875,
          0,
          -0.07976516,
          0.5698606,
          0.35432705,
          1
        ]
      },
      {
        "date" : 760964204.963526,
        "title" : "Untitled",
        "transform" : [
          0.99801,
          2.3591618e-09,
          0.06305533,
          0,
          0.045995947,
          0.68402994,
          -0.7280024,
          0,
          -0.04313174,
          0.7294539,
          0.68266875,
          0,
          -0.07074055,
          0.7399019,
          0.5502674,
          1
        ]
      },
      {
        "date" : 760964192.872047,
        "title" : "Untitled",
        "transform" : [
          1,
          0,
          0,
          0,
          0,
          0.7071069,
          -0.70710677,
          0,
          0,
          0.70710677,
          0.7071069,
          0,
          -0.1359497,
          0.5367148,
          0.7621355,
          1
        ]
      },
      {
        "date" : 755598432.191254,
        "title" : "Untitled",
        "transform" : [
          1,
          0,
          0,
          0,
          0,
          0.7071069,
          -0.70710677,
          0,
          0,
          0.70710677,
          0.7071069,
          0,
          0.050075542,
          0.7329002,
          0.6148765,
          1
        ]
      }
    ],
    "46F71969-BD76-4545-BBBF-059D906FE462" : [
      {
        "date" : 754965379.450652,
        "title" : "Untitled",
        "transform" : [
          0.8355281,
          2.493939e-08,
          0.5494477,
          0,
          0.38729623,
          0.70932376,
          -0.58894944,
          0,
          -0.38973626,
          0.70488286,
          0.59265995,
          0,
          -0.13330463,
          0.18959925,
          0.31835246,
          1
        ]
      },
      {
        "date" : 754965372.317592,
        "title" : "Untitled",
        "transform" : [
          0.8355281,
          2.493939e-08,
          0.5494477,
          0,
          0.3872963,
          0.7093238,
          -0.5889495,
          0,
          -0.38973632,
          0.7048829,
          0.59266,
          0,
          -0.72355795,
          1.9765178,
          1.1254382,
          1
        ]
      },
      {
        "date" : 754965368.384305,
        "title" : "Untitled",
        "transform" : [
          0.9997757,
          1.32234685e-08,
          -0.021180773,
          0,
          0.0019797399,
          0.9956222,
          0.09344839,
          0,
          0.021088058,
          -0.09346936,
          0.9953989,
          0,
          0.041407846,
          0.15370996,
          1.5332478,
          1
        ]
      },
      {
        "date" : 754965354.839498,
        "title" : "Untitled",
        "transform" : [
          0.9997757,
          1.32234685e-08,
          -0.021180773,
          0,
          0.0019797399,
          0.9956222,
          0.09344839,
          0,
          0.021088058,
          -0.09346936,
          0.9953989,
          0,
          0.024073178,
          0.23054303,
          0.7150166,
          1
        ]
      },
      {
        "date" : 754965349.617323,
        "title" : "Untitled",
        "transform" : [
          0.98348993,
          1.3142556e-08,
          0.18096282,
          0,
          0.006610852,
          0.99933255,
          -0.035928484,
          0,
          -0.18084203,
          0.036531623,
          0.9828335,
          0,
          -0.11416967,
          0.32143256,
          0.6697945,
          1
        ]
      },
      {
        "date" : 754965343.034632,
        "title" : "Untitled",
        "transform" : [
          0.98348993,
          1.3142556e-08,
          0.18096282,
          0,
          0.006610852,
          0.99933255,
          -0.035928484,
          0,
          -0.18084203,
          0.036531623,
          0.9828335,
          0,
          -0.06970692,
          0.034279823,
          0.40864944,
          1
        ]
      },
      {
        "date" : 754965336.200559,
        "title" : "Untitled",
        "transform" : [
          0.98348993,
          1.3259583e-08,
          0.18096282,
          0,
          0.0066109244,
          0.9993325,
          -0.03592847,
          0,
          -0.18084209,
          0.036531754,
          0.98283345,
          0,
          10.0089035,
          -10.118578,
          37.616386,
          1
        ]
      },
      {
        "date" : 754965334.017168,
        "title" : "Untitled",
        "transform" : [
          0.98348993,
          1.3259583e-08,
          0.18096282,
          0,
          0.0066109244,
          0.9993325,
          -0.03592847,
          0,
          -0.18084209,
          0.036531754,
          0.98283345,
          0,
          0.3724922,
          0.005529821,
          1.3032116,
          1
        ]
      },
      {
        "date" : 754965307.79992,
        "title" : "Untitled",
        "transform" : [
          0.98348993,
          1.3259583e-08,
          0.18096282,
          0,
          0.0066109244,
          0.9993325,
          -0.03592847,
          0,
          -0.18084209,
          0.036531754,
          0.98283345,
          0,
          0.3682366,
          0.3360787,
          1.290142,
          1
        ]
      },
      {
        "date" : 754965296.050337,
        "title" : "Untitled",
        "transform" : [
          0.98348993,
          1.3259583e-08,
          0.18096282,
          0,
          0.0066109244,
          0.9993325,
          -0.03592847,
          0,
          -0.18084209,
          0.036531754,
          0.98283345,
          0,
          1.6518233,
          1.9444907,
          12.866308,
          1
        ]
      }
    ],
    "637E3100-FB2D-453C-9176-BE7CEFB7CC45" : [
      {
        "date" : 754965519.683223,
        "title" : "Untitled",
        "transform" : [
          0.9999806,
          0,
          -0.006225546,
          0,
          -0.0044021253,
          0.7071069,
          -0.707093,
          0,
          0.004402126,
          0.7071067,
          0.7070932,
          0,
          0.011184399,
          0.73736846,
          0.83791006,
          1
        ]
      },
      {
        "date" : 754965510.002395,
        "title" : "Untitled",
        "transform" : [
          1,
          0,
          -0,
          0,
          -0,
          0.7071069,
          -0.7071067,
          0,
          0,
          0.7071067,
          0.7071069,
          0,
          0,
          0.09644866,
          0.09644878,
          1
        ]
      }
    ],
    "867DC741-3A3E-4346-8CEE-E086E9966BEA" : [
      {
        "date" : 754965571.400115,
        "title" : "Untitled",
        "transform" : [
          0.9999985,
          0,
          -0.001739501,
          0,
          -0.001230013,
          0.7071069,
          -0.7071057,
          0,
          0.0012300132,
          0.70710677,
          0.7071058,
          0,
          0.16940778,
          1.2449979,
          1.0570258,
          1
        ]
      }
    ],
    "C3BEB93F-9265-4D3D-A75B-D46A9DA776CA" : [
      {
        "date" : 755440980.38754,
        "title" : "Untitled",
        "transform" : [
          0.9984366,
          2.4645475e-09,
          0.055896092,
          0,
          0.019888667,
          0.9345564,
          -0.35525873,
          0,
          -0.05223806,
          0.35581505,
          0.93309534,
          0,
          0.10177913,
          0.80616117,
          0.74394137,
          1
        ]
      },
      {
        "date" : 755440918.888597,
        "title" : "Untitled",
        "transform" : [
          0.9984366,
          2.4645475e-09,
          0.055896092,
          0,
          0.019888667,
          0.9345564,
          -0.35525873,
          0,
          -0.05223806,
          0.35581505,
          0.93309534,
          0,
          0.19746989,
          0.8189213,
          0.74443275,
          1
        ]
      },
      {
        "date" : 755440913.571947,
        "title" : "Untitled",
        "transform" : [
          0.9984366,
          2.4645475e-09,
          0.055896092,
          0,
          0.019888667,
          0.9345564,
          -0.35525873,
          0,
          -0.05223806,
          0.35581505,
          0.93309534,
          0,
          -0.110534675,
          0.9295423,
          1.0950614,
          1
        ]
      }
    ]
  },
  "sceneViewportBackgroundColors" : {

  },
  "selectedSceneRelativePath" : "effect.usda"
}